222,225,225,215,215,216,216,216,219,223,222,221,221,222,226,231,235,235,234,233,233,233,233,233,228,228,227,226,225,224,223,223,222,223,221,222,223,222,223,221,222,222,222,222,221,222,221,222,221,221,221,222,221,222,223,222,222,222,222,222,221,221,222,222,221,223,222,222,223,222,223,223,223,223,223,223,224,225,227,228,227,222,219,216,215,215,218,217,217,216,215,217,217,217,217,217,216,216,215,216,215,205,202,200,202,215,229,228,226,225,225,225,224,225,225,225,224,224,224,225,224,223,224,224,226,225,215,216
215,215,215,216,216,217,216,216,216,215,213,212,212,214,219,226,231,231,230,228,229,229,229,228,228,228,227,226,225,224,224,223,222,223,222,223,223,222,223,222,222,221,222,222,222,222,222,222,222,222,221,222,221,222,223,222,222,222,222,222,222,222,222,222,221,223,222,222,223,223,223,223,223,223,223,223,224,225,227,229,227,223,219,217,215,216,217,217,217,216,216,217,217,217,217,217,216,216,216,216,216,206,202,201,201,213,229,228,226,225,225,225,224,225,225,224,224,224,224,225,224,224,224,224,225,224,219,224
216,216,215,216,216,216,217,217,216,214,213,212,213,215,220,226,232,232,230,229,229,229,229,229,229,228,227,226,225,224,224,224,223,223,222,223,222,222,223,222,222,222,222,222,222,222,222,222,222,222,222,223,222,222,223,223,222,222,223,223,222,222,223,222,222,222,223,223,223,223,224,223,223,223,223,223,224,225,227,228,229,225,221,218,216,215,217,217,216,216,216,216,216,217,217,217,216,217,216,217,217,212,203,201,201,205,222,229,227,226,225,225,225,225,225,224,224,224,224,224,224,223,224,223,223,226,238,243
216,216,216,216,216,216,217,216,215,214,213,213,213,216,221,226,232,232,230,229,229,228,229,229,229,229,227,226,225,224,224,224,223,223,223,222,222,222,223,222,223,222,222,222,222,222,222,222,222,222,222,222,222,222,223,222,222,222,223,222,222,222,222,222,222,222,222,223,223,223,223,223,225,223,223,223,224,225,227,227,228,228,222,219,217,215,216,216,216,215,215,215,216,216,216,217,217,217,217,217,217,217,207,202,201,201,210,227,228,227,226,225,225,225,225,225,225,224,224,224,224,224,223,222,227,238,244,243
216,216,216,216,216,216,217,215,214,213,213,214,214,216,221,227,232,232,230,230,229,228,229,229,229,229,227,226,225,224,224,223,223,223,223,222,222,222,223,222,222,222,222,222,221,222,222,222,222,222,222,222,222,222,222,223,223,222,223,222,221,221,222,222,222,222,222,223,223,223,224,223,223,223,223,223,224,225,226,226,228,229,225,220,218,216,215,215,215,215,215,215,216,215,216,217,216,217,217,217,217,218,214,204,201,200,203,218,229,228,226,225,225,224,224,225,224,224,224,223,223,222,222,228,241,244,243,243
216,216,216,216,215,216,217,215,214,214,214,214,215,217,220,225,232,232,231,230,228,229,229,230,229,229,227,226,225,225,224,224,223,223,223,223,223,222,222,222,223,222,222,222,222,222,223,222,222,222,222,222,222,223,223,222,222,222,223,223,222,221,222,222,222,222,222,223,223,223,223,223,223,223,223,223,224,224,225,227,228,229,227,221,218,216,215,214,215,215,214,215,215,216,216,216,216,217,217,217,217,217,218,209,202,201,200,207,226,228,227,226,225,225,224,225,225,223,223,223,222,221,228,241,243,243,243,243
216,216,215,216,216,216,216,214,213,214,214,215,215,216,220,226,232,233,231,229,229,229,229,229,229,229,228,227,225,225,225,224,223,223,223,223,223,223,223,223,223,223,223,222,223,223,223,222,222,222,223,223,223,223,223,223,223,223,223,223,223,222,222,222,222,222,223,223,223,223,224,223,223,223,223,223,224,224,225,227,228,228,226,222,218,216,215,214,214,215,215,215,215,216,216,216,216,217,217,217,217,217,219,216,205,201,200,202,214,228,228,226,225,225,224,225,225,224,224,222,221,228,239,243,244,244,243,242
216,216,215,215,215,215,215,213,213,214,215,216,215,215,220,227,232,233,230,229,229,229,229,229,229,228,228,226,225,225,224,224,223,224,223,223,223,223,223,223,222,223,223,223,222,223,223,222,221,222,223,224,225,224,224,223,224,224,224,223,223,223,222,222,222,222,223,223,223,223,223,224,224,224,223,223,224,225,225,226,227,228,226,222,219,216,216,215,215,215,215,215,215,216,216,216,216,216,216,217,217,217,218,219,210,202,200,200,204,223,228,226,225,225,224,225,225,224,223,222,229,242,243,244,244,243,242,241
216,216,215,215,215,214,213,213,213,214,215,216,215,216,220,226,232,232,231,230,228,228,229,229,229,229,228,227,226,225,225,224,223,223,223,223,224,223,223,223,222,223,222,222,223,222,223,223,222,222,223,224,224,225,225,224,224,224,224,224,223,223,223,223,222,223,223,223,223,223,223,224,224,224,223,223,223,225,225,226,227,228,226,223,220,217,216,215,215,216,215,215,216,216,216,216,216,216,216,216,217,217,218,219,218,206,201,200,200,209,227,228,226,225,225,224,224,223,222,228,242,244,242,243,242,242,243,241
215,215,214,215,214,213,213,213,214,215,216,215,215,216,221,227,233,233,231,229,229,229,229,229,229,229,228,227,226,225,225,224,224,223,223,223,223,224,224,223,223,223,223,223,223,222,223,223,223,223,223,224,224,225,224,224,224,225,225,224,224,223,223,223,222,222,223,223,223,223,224,224,224,223,223,223,224,225,226,225,227,228,227,223,220,218,217,216,216,216,216,216,216,216,216,216,216,216,216,216,217,217,218,218,219,212,202,200,199,202,218,229,227,226,225,224,223,222,229,242,244,244,242,241,242,242,242,243
215,215,215,214,213,213,214,215,215,215,215,215,215,216,221,227,233,233,231,229,229,229,230,230,230,229,228,227,225,225,225,225,224,224,224,224,224,224,224,223,223,223,223,223,223,223,223,223,223,223,223,223,224,224,224,225,225,225,225,225,225,223,223,223,222,223,223,224,223,223,224,223,224,224,223,223,224,225,226,226,227,227,226,223,221,219,218,217,216,216,216,216,216,216,217,217,216,216,216,217,217,218,218,219,220,218,206,201,200,199,207,227,228,227,226,225,223,228,242,244,244,243,240,241,242,243,243,244
215,215,215,214,213,215,216,216,216,215,215,215,215,216,220,227,233,233,231,230,229,229,229,229,230,229,227,226,225,225,225,224,224,224,223,224,224,223,223,223,223,224,222,223,223,223,223,223,222,223,224,223,223,223,223,219,218,219,220,223,225,225,225,224,224,224,223,223,223,223,224,223,223,223,223,223,224,224,226,226,227,228,227,224,221,219,219,218,217,216,216,217,217,217,217,216,216,217,217,217,218,219,219,219,219,220,213,203,200,199,201,216,229,228,226,224,229,241,244,244,243,241,240,241,242,243,244,243
215,215,215,213,214,216,218,218,217,214,214,215,214,216,220,226,233,233,231,230,229,229,230,229,230,229,227,227,225,225,225,224,224,224,223,223,223,223,223,223,223,223,223,223,222,223,223,224,223,221,220,219,219,217,215,212,211,211,209,209,211,214,220,225,225,225,224,224,223,222,223,223,223,224,223,224,224,225,225,227,227,228,227,224,221,219,219,219,218,217,216,216,217,217,217,216,217,217,217,218,219,219,219,220,220,220,218,208,201,200,199,205,223,227,225,230,242,244,244,243,242,241,240,241,243,244,244,243
215,215,214,213,215,218,221,220,217,214,214,214,214,216,220,227,233,233,232,230,229,229,229,229,229,228,227,226,225,225,225,224,223,224,224,223,223,223,223,223,223,223,223,223,223,223,223,221,219,218,219,219,217,213,214,212,210,210,211,212,210,209,208,209,215,224,226,225,224,223,224,223,224,224,224,224,225,225,226,227,227,229,227,224,221,219,219,219,218,218,217,217,217,217,217,217,217,218,218,219,219,220,220,220,220,220,220,216,204,200,199,199,210,225,228,242,245,244,243,243,241,242,242,243,243,243,243,244
215,214,212,214,217,221,224,221,217,214,214,214,214,215,220,227,234,234,232,231,230,230,230,230,229,229,227,226,225,225,225,224,224,224,224,223,223,223,223,223,224,224,223,221,221,223,222,219,219,218,219,218,218,216,215,214,213,210,211,211,210,210,209,207,206,207,217,226,226,224,223,223,224,224,224,224,225,226,227,227,228,228,227,224,220,219,219,219,218,218,217,217,217,218,218,218,219,218,219,219,219,220,220,220,220,220,220,221,211,201,199,198,201,220,241,244,244,243,242,242,242,242,242,243,242,243,244,243
215,213,213,216,219,226,227,220,216,214,213,214,214,215,220,227,234,235,232,231,230,231,230,230,229,229,227,227,226,226,225,225,225,224,224,224,223,223,224,224,223,218,218,221,223,225,224,221,222,222,219,219,218,217,215,214,213,213,211,211,210,208,209,207,207,207,206,211,223,226,226,225,225,225,225,225,226,226,227,228,228,229,227,224,220,219,218,219,219,218,218,217,217,217,219,219,219,219,218,219,220,220,220,220,220,220,219,220,218,205,200,198,198,222,245,245,243,243,242,242,242,243,243,242,243,243,243,242
213,212,214,217,223,232,229,220,216,213,214,214,214,216,220,227,235,235,233,232,231,231,231,230,229,229,228,228,226,226,225,225,224,224,224,224,224,224,224,217,226,224,224,225,224,224,223,222,223,222,221,220,218,217,216,216,213,212,211,209,209,209,208,208,208,207,206,206,207,219,228,227,226,226,225,225,226,226,227,227,228,230,228,224,220,218,218,219,219,219,219,219,218,217,219,220,220,219,219,219,219,219,220,220,220,219,219,220,220,214,201,198,207,241,245,244,243,242,242,241,243,244,242,242,244,244,242,243
212,213,215,220,228,235,229,221,216,214,213,214,214,216,221,227,235,236,233,232,230,230,230,230,230,229,228,228,226,227,226,226,224,225,224,224,224,224,224,222,228,225,225,225,224,225,223,222,223,222,221,222,220,220,217,215,212,211,211,210,209,209,208,208,207,207,206,206,206,206,212,227,229,228,227,227,226,227,228,228,228,230,228,224,220,218,218,218,219,219,219,220,220,218,218,219,220,219,218,219,219,219,220,219,219,219,219,219,218,218,206,208,236,244,244,244,243,242,242,242,243,242,242,244,243,241,243,247
212,214,217,224,234,235,228,221,216,213,213,214,214,216,220,227,236,236,233,232,230,230,230,230,230,230,228,228,227,226,226,226,225,225,225,224,224,224,220,227,226,226,227,225,224,224,222,223,222,221,222,222,220,220,219,216,214,213,211,210,209,209,207,207,207,206,206,206,206,205,205,209,227,231,230,228,227,227,228,228,228,229,229,225,220,217,217,217,218,219,221,222,222,220,218,219,219,219,218,219,219,220,220,219,219,219,218,218,218,216,218,237,244,244,244,242,242,242,243,244,241,242,243,243,241,240,246,238
213,216,220,230,234,235,228,221,216,213,213,214,214,216,220,228,236,235,233,231,230,230,230,230,230,230,228,228,227,226,227,225,225,225,224,225,224,221,223,227,228,228,226,226,225,224,224,223,222,221,221,221,220,220,218,218,215,213,210,210,209,209,208,207,207,206,206,207,207,207,206,202,202,207,228,231,228,228,229,229,229,230,228,224,219,217,216,216,217,219,222,226,226,222,219,218,219,219,218,219,219,219,219,219,219,218,218,218,217,217,235,244,244,244,243,242,242,243,244,242,241,243,243,241,238,245,241,219
215,219,225,234,234,234,228,220,216,213,213,213,214,216,221,228,235,236,233,231,230,230,230,230,230,229,228,227,227,226,226,225,225,224,225,225,224,223,227,228,228,226,225,226,224,224,224,223,224,222,222,222,222,219,220,217,215,212,209,209,208,209,208,207,207,208,208,207,204,202,202,202,201,198,210,234,231,230,230,230,230,231,229,225,220,217,217,216,217,218,222,229,232,227,221,218,218,219,219,219,219,219,219,219,219,219,218,218,217,229,243,244,244,243,242,242,242,244,243,241,243,243,242,237,239,241,224,215
217,222,231,234,233,233,228,221,216,213,213,213,214,217,221,228,235,235,232,231,230,230,230,229,230,229,229,227,226,226,226,225,225,225,224,224,223,227,228,227,226,226,225,225,225,225,225,224,222,221,221,221,221,220,220,218,216,213,210,209,208,207,209,210,210,206,203,203,203,203,203,203,202,200,199,220,234,232,231,231,230,231,229,225,220,217,217,217,217,218,221,230,238,234,224,220,218,219,218,219,219,219,220,219,219,219,218,217,223,242,245,245,244,242,241,242,244,243,242,243,243,241,238,237,238,226,218,217
220,228,234,233,233,233,228,221,216,214,213,214,214,217,221,228,235,235,232,231,231,230,230,229,230,230,228,228,227,226,226,225,225,225,224,223,226,228,228,227,226,225,225,225,226,226,224,223,222,220,221,221,220,220,219,218,216,214,211,210,210,212,213,207,203,203,203,204,203,203,204,203,203,202,200,202,226,234,232,231,231,231,229,225,220,217,217,217,217,218,221,229,241,240,229,222,218,218,219,219,219,219,219,219,219,218,217,219,238,243,244,244,241,241,242,243,244,241,243,244,242,239,237,236,226,218,219,219
225,233,233,232,233,233,228,221,217,214,213,214,214,216,221,228,235,235,232,231,231,230,231,230,230,229,229,228,227,226,226,225,225,225,224,225,228,227,227,227,226,225,226,227,227,224,223,223,221,220,220,220,219,220,220,219,217,214,211,212,215,210,204,204,204,203,203,204,205,204,205,203,202,202,200,199,205,233,236,234,233,232,230,225,220,217,216,217,217,217,220,228,241,243,234,226,220,218,218,219,219,219,219,219,219,218,216,232,244,242,244,242,242,242,242,244,242,241,243,242,241,238,235,227,220,218,220,217
231,234,232,232,233,234,229,221,217,214,213,213,214,216,221,228,235,235,232,231,230,230,230,230,230,229,229,228,227,225,226,225,225,224,224,226,227,227,227,226,226,226,226,226,225,224,223,223,221,221,220,219,219,220,220,218,217,213,217,216,207,204,205,204,204,204,205,206,205,204,205,204,204,203,203,202,200,209,228,236,235,233,231,225,220,217,217,216,217,217,220,228,241,243,239,230,223,219,218,219,219,220,219,219,218,217,223,242,245,244,242,241,242,242,244,243,241,244,242,242,240,238,227,220,218,219,217,214
233,233,232,232,232,233,229,222,217,214,214,214,214,216,221,227,235,236,233,231,230,230,230,230,230,229,229,228,227,226,226,226,225,223,225,228,227,227,227,227,226,226,225,225,223,223,223,221,220,221,220,220,221,222,221,220,217,218,213,207,207,205,206,204,206,205,205,206,205,204,204,204,203,203,203,202,201,200,202,224,237,235,231,225,220,217,217,217,217,216,221,229,240,244,244,237,227,221,218,218,220,220,219,218,217,219,237,245,245,243,241,241,241,243,243,241,243,243,242,241,240,231,220,219,218,218,214,214
233,232,232,232,232,232,228,221,217,214,214,214,214,216,221,228,234,235,233,231,231,230,230,230,230,230,229,228,227,226,225,226,224,220,229,229,228,226,227,227,227,227,225,224,223,222,220,219,221,220,220,220,221,222,221,222,219,212,207,205,207,207,208,207,207,206,205,204,204,204,204,204,203,204,203,203,202,202,201,203,233,238,233,225,221,217,217,217,217,217,220,228,239,244,245,243,233,224,220,219,220,220,219,218,217,230,244,244,244,242,242,241,242,244,241,243,243,242,242,242,234,221,219,220,219,215,214,214
233,232,232,232,233,233,228,221,217,215,214,214,214,216,221,228,234,235,233,232,231,230,230,230,230,230,228,228,226,226,226,227,217,222,229,228,227,227,227,227,226,226,224,224,223,221,219,222,222,220,220,221,223,224,224,217,209,208,208,207,207,207,208,208,207,205,204,204,204,203,204,204,203,204,204,204,203,202,201,200,213,237,235,227,221,218,217,216,217,217,221,228,239,244,244,245,241,231,224,220,219,220,219,218,222,242,244,244,243,242,242,242,243,242,242,243,241,242,244,238,223,218,220,220,216,214,215,214
232,232,232,232,233,234,229,221,217,215,214,214,214,215,221,227,235,235,233,231,231,231,230,229,230,228,228,228,227,226,227,228,209,226,229,229,228,227,227,227,225,225,224,223,222,221,222,221,221,220,221,223,225,225,214,210,208,208,209,208,209,210,207,206,206,206,205,204,204,204,204,204,205,205,203,203,204,202,202,200,199,225,237,227,221,217,217,217,217,217,221,227,238,244,244,245,245,239,218,205,203,209,207,215,238,244,243,243,241,241,241,241,242,242,243,242,242,243,242,226,218,220,220,216,215,215,215,215
232,233,233,233,233,234,230,222,217,214,214,214,214,216,221,227,235,236,234,233,232,231,231,231,230,230,229,228,227,227,229,222,209,228,229,229,228,226,227,227,226,226,223,222,221,222,221,222,221,223,226,226,221,212,211,208,211,211,208,210,209,208,207,206,206,206,206,206,204,206,206,204,204,204,204,203,203,203,203,201,199,210,238,229,221,218,217,216,216,217,220,228,239,244,245,246,241,214,202,205,205,201,200,203,241,244,243,242,241,241,242,242,242,242,242,241,243,244,230,219,219,220,216,214,215,215,216,215
233,233,232,232,232,233,229,222,217,214,214,214,214,216,221,228,236,237,234,232,231,230,231,231,230,230,229,229,227,228,229,212,212,227,230,228,228,227,227,226,226,225,223,223,223,225,223,221,223,224,227,218,212,210,213,211,210,212,212,209,208,208,207,207,206,207,207,207,207,205,205,204,204,205,205,204,204,204,204,203,200,200,228,231,221,217,217,216,217,217,220,229,240,245,246,235,209,205,208,202,200,199,199,197,228,244,243,242,241,242,243,243,242,243,241,242,243,236,220,218,220,217,215,215,215,215,216,216
232,232,232,231,232,233,229,222,217,214,213,214,214,216,221,228,236,236,235,232,231,230,230,230,230,230,229,228,227,226,229,206,215,229,230,229,228,226,228,226,225,222,224,225,225,222,223,223,226,227,216,212,211,213,213,212,212,210,210,211,208,207,208,208,207,207,208,206,206,205,206,204,205,205,205,205,203,203,203,203,203,200,207,231,222,217,216,216,216,217,221,230,243,245,228,204,208,209,201,201,202,202,202,198,218,244,243,242,242,242,243,243,244,242,241,242,240,224,217,219,218,215,215,215,215,216,216,216
232,231,231,231,231,231,229,222,217,214,213,213,214,216,220,228,235,236,233,232,231,230,230,230,230,229,228,228,227,228,227,204,216,230,230,228,229,230,227,225,224,224,225,225,222,222,223,226,226,216,213,212,214,214,213,211,209,211,210,208,209,209,208,209,211,208,207,205,206,206,206,206,205,205,204,205,206,205,204,204,203,203,201,215,223,218,217,216,216,218,223,234,239,218,203,209,207,202,202,203,204,204,202,199,216,245,243,241,242,244,243,244,243,242,243,244,231,217,218,219,216,215,215,216,216,216,216,216
231,231,230,230,231,231,229,222,217,214,213,213,213,215,219,228,235,235,233,231,230,230,230,229,230,229,228,227,227,228,222,204,220,229,231,229,229,226,226,226,225,226,224,224,222,223,226,226,216,215,215,217,213,215,212,210,211,209,211,209,209,210,211,212,209,208,209,207,206,206,206,206,205,206,212,207,205,204,205,205,205,205,203,202,209,219,217,217,217,220,226,224,206,205,209,204,202,203,204,205,204,203,201,199,219,244,243,242,242,243,243,243,242,242,246,240,221,217,219,216,215,215,215,216,216,216,216,216
230,230,230,230,230,231,229,222,217,215,213,213,213,215,219,227,235,235,233,231,230,230,230,230,230,230,228,228,227,229,217,207,223,228,230,229,228,229,229,226,226,224,223,224,225,226,225,216,216,218,218,217,217,212,212,211,211,211,210,211,210,212,213,208,210,209,208,208,208,207,206,205,206,213,208,207,205,205,205,205,205,206,205,204,203,215,217,218,218,217,208,204,207,207,203,203,204,204,205,204,203,202,201,199,226,244,242,243,242,243,244,243,242,243,244,228,217,218,218,215,215,216,216,216,216,216,217,216
230,230,230,230,230,230,227,221,217,214,213,212,212,214,219,227,235,235,232,232,230,230,230,230,230,230,229,228,228,230,212,210,221,227,228,229,229,230,228,228,226,225,226,225,226,223,219,217,218,218,219,218,214,214,211,212,213,213,210,210,215,211,211,211,209,211,211,210,210,207,209,209,211,208,208,208,207,206,207,207,207,206,208,207,206,210,218,217,211,204,206,208,205,203,204,205,205,205,204,204,203,202,200,200,233,243,242,242,243,244,244,243,242,241,234,219,218,218,216,215,215,215,215,216,216,216,217,217
230,230,230,230,230,230,227,221,216,214,212,212,212,213,219,227,235,235,232,232,230,230,230,230,231,230,229,229,229,232,206,210,220,226,229,229,228,228,228,227,225,226,223,225,224,218,217,220,218,221,218,216,215,214,215,213,212,212,214,215,212,212,211,211,211,211,210,209,208,210,212,209,208,211,208,207,207,207,208,209,208,208,209,208,208,207,213,205,207,208,206,204,203,204,205,205,205,204,204,205,204,202,200,200,240,243,242,242,242,244,243,243,241,237,224,218,219,217,215,215,215,216,216,216,216,216,217,217
230,230,230,231,230,230,228,222,216,213,212,211,212,214,219,227,235,236,233,231,231,230,231,230,230,230,230,229,230,230,203,209,218,224,226,228,229,228,227,226,225,224,225,225,218,219,220,219,223,219,218,217,216,216,214,212,211,214,215,211,212,211,212,211,212,213,211,209,210,209,210,210,209,208,208,208,209,210,211,209,209,210,210,213,209,206,208,207,206,204,203,205,205,205,206,205,204,204,205,208,204,202,200,207,245,244,243,242,243,244,242,242,241,229,218,218,218,216,215,215,215,216,216,216,216,216,216,216
231,230,230,231,231,231,228,222,217,213,212,212,212,214,219,226,235,235,233,231,231,230,231,230,230,230,229,229,230,229,202,210,218,221,224,226,229,228,228,227,225,227,224,220,218,220,219,223,219,217,217,220,219,215,213,213,217,213,210,213,213,212,210,212,212,212,213,212,210,210,211,209,210,208,208,210,210,210,212,211,210,213,214,209,207,210,207,205,204,204,205,206,205,205,205,204,204,204,211,212,205,204,201,221,245,244,243,242,243,243,242,243,239,221,217,219,216,215,215,215,215,215,216,215,216,216,216,216
231,231,231,231,231,231,228,221,216,213,212,212,212,214,219,227,234,235,232,231,230,230,231,230,230,230,230,229,230,229,203,211,214,219,221,225,228,231,228,226,227,226,219,221,220,220,225,219,218,218,218,218,217,219,216,217,213,212,213,213,213,213,212,214,214,214,213,214,214,212,211,210,209,210,210,211,211,210,212,214,213,211,206,209,207,205,205,205,206,206,206,205,205,205,205,204,204,209,215,212,214,209,204,238,243,242,242,243,244,243,243,238,229,218,218,217,215,215,215,215,215,216,216,216,216,215,216,216
231,231,231,231,231,231,228,221,216,213,212,212,212,214,219,227,234,235,232,231,230,230,231,230,230,230,230,230,231,228,204,211,215,217,220,222,229,231,229,229,225,220,221,221,221,225,221,219,218,220,218,218,217,217,219,215,215,215,212,214,213,214,215,213,214,214,215,214,213,212,212,213,210,211,212,212,213,212,214,214,208,209,209,206,204,205,206,207,207,207,205,205,205,205,204,203,205,215,212,216,218,209,212,245,245,241,242,244,243,243,241,232,220,218,218,216,215,215,215,215,215,215,215,216,216,215,216,216
231,231,231,231,231,231,228,221,216,213,212,212,212,213,218,226,234,235,232,231,230,231,231,230,231,230,230,230,232,224,206,210,215,217,221,221,226,228,229,225,220,221,222,222,225,221,219,219,220,221,221,218,218,219,215,216,216,216,215,216,215,214,213,216,217,214,214,213,214,213,213,214,214,214,213,214,216,216,210,209,210,207,205,205,206,207,207,206,206,206,205,205,205,204,203,203,212,214,215,216,215,207,225,244,243,243,242,244,242,243,238,225,217,219,217,215,215,215,216,216,216,215,216,216,216,216,216,216
231,231,231,231,231,230,227,221,216,213,212,212,212,214,218,226,234,235,233,231,231,231,231,231,231,230,230,231,233,221,205,208,212,215,219,219,224,229,227,221,222,222,222,225,221,220,219,220,222,223,218,219,220,215,216,217,218,216,216,220,221,223,221,215,214,215,214,215,214,215,215,214,215,214,216,217,213,209,211,208,206,206,207,209,208,207,207,206,205,205,204,204,204,204,203,206,216,216,218,224,217,203,241,244,242,242,242,240,242,242,234,218,218,219,216,215,215,216,216,216,216,216,216,216,216,216,216,216
230,230,231,231,230,229,227,221,216,213,212,212,212,213,218,226,235,236,233,231,231,231,231,231,231,231,230,231,233,222,204,207,212,215,216,217,220,228,224,223,223,222,226,222,219,221,220,224,222,220,220,220,218,218,225,225,227,228,225,224,218,218,227,220,217,215,218,218,217,216,219,227,219,217,218,211,210,211,207,205,206,207,207,207,207,206,206,205,205,204,204,204,204,203,203,213,218,228,232,224,206,214,246,245,243,243,243,241,242,240,226,217,219,217,215,215,215,216,216,216,216,216,216,216,216,216,217,217
230,230,230,231,230,229,226,220,216,213,212,212,212,213,218,226,235,236,233,232,231,230,230,230,230,230,230,231,234,223,203,206,209,214,218,217,219,226,225,225,223,227,222,220,221,222,224,223,221,221,222,219,218,224,222,222,226,230,233,234,215,214,222,224,226,230,225,224,230,233,235,233,240,216,211,214,211,207,205,207,206,206,207,207,206,205,205,205,205,204,204,204,203,204,213,225,234,232,227,211,202,237,245,243,243,244,243,241,243,234,219,218,218,215,215,215,215,215,216,216,216,216,216,217,216,216,217,217
230,230,230,230,230,228,226,220,216,213,212,212,212,213,218,226,235,236,234,231,231,230,230,230,231,230,230,231,232,227,203,206,207,213,221,221,223,228,226,225,228,224,221,221,221,224,223,222,222,223,219,220,225,221,223,228,228,229,231,232,224,221,227,235,237,231,236,237,242,244,243,243,231,212,215,208,205,206,206,207,206,206,207,206,206,205,205,205,204,204,203,206,216,227,232,233,232,227,214,204,222,244,244,242,243,243,242,243,243,226,218,219,217,215,215,215,215,215,216,216,216,217,216,216,217,217,217,217
230,229,229,231,229,228,226,220,216,212,212,212,212,213,218,226,235,236,233,231,231,231,231,230,230,230,230,231,232,233,203,204,205,212,224,223,222,225,226,228,225,221,221,222,225,223,221,222,223,220,220,224,223,223,227,224,229,230,236,237,234,228,232,233,231,235,239,236,243,246,245,222,217,215,208,205,206,207,207,207,206,206,207,207,206,206,205,205,203,206,221,231,233,233,231,229,222,212,207,228,244,244,242,243,243,242,241,244,238,220,219,218,215,214,215,215,215,215,216,216,216,216,216,216,216,217,217,217
229,229,230,231,230,228,226,220,216,213,212,212,212,213,218,226,235,236,233,231,231,231,231,230,231,230,231,231,231,234,209,205,205,212,222,219,219,222,229,227,222,221,222,225,224,222,223,224,220,221,226,224,222,226,231,234,235,240,241,239,229,228,237,233,230,235,239,234,247,242,219,220,217,207,209,209,207,207,207,208,207,207,207,207,206,206,205,206,215,222,231,232,232,229,221,216,211,206,228,244,244,242,242,244,244,242,240,242,229,218,219,216,214,214,214,215,215,215,215,216,216,216,216,216,216,216,217,217
229,229,229,230,230,229,226,220,216,213,212,212,212,213,217,225,235,236,234,232,231,231,231,230,230,230,230,230,231,234,219,204,206,209,218,221,219,225,227,222,221,222,226,223,223,223,224,221,221,221,226,222,230,238,235,236,241,242,242,229,228,239,242,231,235,237,245,233,240,218,221,213,207,209,210,208,208,208,209,208,208,207,207,206,206,206,215,229,228,221,223,222,217,214,213,212,207,228,244,243,242,241,242,243,244,241,242,238,221,218,219,214,214,214,214,215,215,215,215,216,216,216,216,216,216,216,217,217
228,229,229,230,230,229,226,221,216,213,212,212,212,213,218,225,235,236,233,232,231,231,230,230,230,230,231,230,230,233,228,203,205,206,213,216,219,228,224,221,222,228,224,223,223,225,224,224,228,223,225,234,238,235,239,243,240,244,238,231,238,241,229,231,237,240,244,228,217,221,212,206,209,210,209,209,210,210,210,209,208,207,207,206,212,229,238,226,228,223,215,214,213,213,211,206,225,245,244,242,241,242,243,243,242,242,243,231,218,219,217,214,214,214,214,215,214,215,216,215,216,216,216,216,216,217,217,217
228,229,229,230,230,230,227,221,216,213,212,212,212,213,217,224,235,236,233,232,231,231,231,230,231,231,230,229,229,230,233,210,203,208,213,212,227,225,223,222,227,224,223,225,225,224,221,221,232,234,234,237,234,238,242,235,244,243,234,240,242,235,236,232,239,233,235,218,223,211,206,207,209,210,210,210,211,211,211,208,207,207,207,216,237,236,231,225,225,225,217,214,212,210,208,229,245,244,243,242,241,241,243,243,242,242,240,225,219,220,215,214,214,214,214,214,214,215,215,215,216,216,216,216,216,217,217,217
228,228,228,229,230,231,228,221,216,213,212,212,212,213,217,225,235,236,234,232,231,230,231,231,230,231,230,229,229,229,231,228,203,206,210,210,224,223,222,225,225,223,223,224,225,221,225,227,230,235,238,234,240,244,240,231,245,241,234,243,241,241,239,238,231,232,227,225,209,206,207,208,210,210,210,210,213,210,210,208,208,209,207,213,232,233,231,231,223,226,219,214,209,211,237,244,244,243,242,242,241,242,243,244,242,241,234,222,223,218,214,213,214,214,214,214,214,214,215,215,215,215,215,216,216,216,217,217
228,228,229,229,230,231,229,222,216,213,212,212,211,213,217,225,235,237,234,232,231,231,231,230,231,230,230,229,228,228,229,232,215,205,207,214,222,225,225,226,223,223,224,224,223,225,226,234,236,235,232,234,242,244,237,235,243,238,241,241,236,237,235,237,230,223,225,213,208,208,208,210,211,211,211,211,211,209,210,209,208,207,205,209,223,233,230,231,228,222,220,212,221,241,244,244,243,241,241,241,241,243,244,243,242,240,228,222,223,216,213,213,214,214,214,214,215,215,215,215,215,215,215,216,216,216,217,217
228,228,229,230,230,232,230,222,217,213,212,212,211,213,217,224,235,237,234,232,231,231,231,231,231,231,230,229,228,227,228,231,222,201,205,210,223,224,228,225,224,226,224,222,226,225,228,238,240,239,234,236,240,242,238,234,237,243,243,243,243,244,241,234,235,226,219,213,211,210,211,212,212,212,211,211,211,211,208,206,207,206,205,206,215,231,239,234,235,224,219,219,232,245,244,244,242,241,240,241,242,244,244,242,242,236,223,223,222,215,214,213,214,214,214,214,214,214,215,215,215,215,216,216,216,216,217,217
228,229,229,230,230,232,230,222,217,213,212,212,211,212,217,224,235,236,234,232,231,230,230,230,230,231,230,229,227,227,228,230,223,201,202,217,227,225,225,225,227,222,221,223,229,234,239,236,242,244,238,237,234,242,239,234,229,244,243,244,244,245,234,230,227,218,210,210,209,209,213,214,212,210,213,213,211,207,206,205,206,206,205,206,212,228,238,243,234,229,220,218,236,244,244,243,242,241,240,240,243,243,244,243,242,230,221,223,219,215,214,214,214,214,215,214,214,214,215,215,215,215,215,215,216,216,217,217
229,229,229,230,230,232,230,222,217,213,212,212,212,213,217,224,234,236,234,232,231,230,230,230,231,230,229,228,227,226,227,229,226,201,204,227,228,227,226,226,223,225,223,225,230,244,237,242,244,243,242,236,237,240,238,242,227,235,239,246,246,232,225,223,215,219,209,209,207,211,214,215,211,211,214,212,209,207,206,205,205,205,204,204,209,225,236,244,239,234,217,217,241,243,244,243,242,241,240,240,243,244,243,243,239,224,221,221,217,217,216,215,214,214,214,215,215,215,214,215,215,215,216,215,215,216,217,217
229,229,229,230,230,231,230,222,217,213,212,212,212,212,217,224,234,236,234,232,231,230,230,230,230,230,229,228,224,226,227,228,230,205,208,227,226,227,227,222,224,230,233,235,236,242,234,244,242,241,243,240,238,239,236,240,231,240,245,247,236,221,221,212,214,220,213,209,210,213,213,213,213,215,212,210,207,206,205,205,205,204,203,203,206,219,233,244,243,237,220,216,240,243,242,241,241,241,239,241,244,243,242,244,233,220,222,218,216,217,218,217,217,216,215,215,215,215,215,215,215,215,215,216,216,216,217,217
229,229,230,230,230,232,230,223,217,213,212,211,212,212,217,224,233,236,233,231,230,229,229,229,230,230,229,223,226,226,226,226,228,216,208,226,226,227,224,223,222,228,234,241,243,243,236,244,239,242,242,242,241,242,232,232,238,233,247,238,220,221,211,211,212,217,212,208,209,213,213,215,216,213,212,208,207,206,205,204,204,203,202,202,205,215,231,242,246,239,226,216,237,242,242,241,240,240,239,242,244,242,242,243,227,220,221,215,215,216,217,217,217,218,217,217,217,216,216,215,215,215,216,216,216,216,217,217
229,229,230,230,231,232,230,223,217,213,212,211,211,212,217,224,234,235,233,231,230,230,230,229,230,229,229,226,227,226,225,225,226,225,207,225,227,223,223,223,227,235,241,236,245,244,235,240,241,242,241,242,239,244,235,237,241,229,242,221,223,213,211,208,210,219,212,207,212,214,216,216,214,212,211,209,206,206,205,204,204,203,202,202,203,212,228,239,245,242,229,215,235,243,241,241,240,240,240,242,243,242,243,238,221,221,219,214,214,215,216,216,217,217,217,218,218,218,218,217,217,216,216,217,217,216,217,217
229,230,230,230,231,232,231,223,217,213,212,211,211,212,217,224,234,235,233,231,230,230,229,229,229,229,228,227,226,226,226,226,227,223,223,226,224,221,223,225,237,240,244,235,241,243,243,239,236,243,242,240,240,243,242,236,247,235,223,224,214,215,212,208,209,218,210,211,216,216,216,214,212,212,211,209,207,206,206,205,204,204,203,202,202,208,225,235,244,244,234,213,235,242,242,241,240,239,241,243,242,242,243,230,220,221,216,214,215,215,215,214,215,215,216,216,218,219,218,219,219,219,218,217,217,217,217,217
229,230,230,231,231,232,231,223,217,213,212,211,211,212,217,224,234,236,233,231,230,230,229,229,229,229,228,227,226,225,225,226,225,224,223,221,224,223,225,228,241,236,246,232,243,243,239,233,240,245,242,238,243,236,239,240,246,230,229,215,214,214,214,208,209,211,211,216,216,214,214,213,211,211,210,210,208,206,206,206,205,204,203,202,203,206,222,235,244,244,237,215,230,241,239,241,240,239,242,242,242,243,240,224,221,221,215,214,215,215,215,214,214,214,215,216,217,218,218,219,219,219,219,219,219,218,218,217
230,230,230,230,231,232,231,223,217,213,211,211,211,212,217,224,234,236,233,232,230,229,230,230,230,230,229,227,226,225,225,220,217,233,238,228,221,224,227,237,236,239,242,230,245,242,239,241,244,243,242,240,242,236,238,243,235,225,217,212,210,215,214,207,207,213,229,229,225,222,218,213,211,210,211,211,209,207,206,207,206,205,204,203,204,209,224,240,245,245,239,217,227,240,240,240,238,240,243,242,242,243,235,221,222,219,215,215,215,215,215,215,215,214,214,215,216,216,217,218,218,218,218,219,220,220,220,220
230,230,230,230,230,232,231,223,217,213,211,211,211,212,217,224,234,235,233,231,230,229,230,229,229,230,229,227,226,225,224,216,225,242,244,224,215,231,235,240,232,244,236,230,245,242,240,240,242,243,244,236,237,239,242,242,222,222,212,210,208,216,211,207,213,223,220,221,225,233,236,231,220,212,211,212,211,208,207,208,207,206,206,209,218,227,233,239,244,245,240,222,221,241,239,239,239,242,243,242,241,243,229,221,222,216,214,215,216,216,216,216,216,215,215,216,217,216,217,216,216,217,217,219,219,220,221,222
230,230,229,230,230,232,232,224,217,213,211,211,211,212,217,224,234,235,233,231,230,229,230,230,230,230,229,228,227,224,218,219,221,235,240,226,228,235,240,234,238,238,236,232,244,239,243,239,236,245,244,243,234,240,246,226,222,211,211,207,211,214,207,217,225,222,221,224,218,225,230,233,234,224,214,214,212,208,207,208,208,210,221,230,230,228,227,232,241,244,241,224,220,239,240,240,239,242,242,242,241,240,225,221,221,215,215,215,216,216,216,216,216,216,215,216,216,217,217,216,216,216,216,217,218,220,221,222
230,229,229,230,231,233,232,223,217,213,211,211,211,212,216,223,234,236,234,231,230,230,230,230,230,230,230,227,223,220,217,217,214,217,221,236,239,240,236,230,237,232,242,239,240,238,245,244,232,243,244,243,245,244,236,223,212,212,207,206,211,208,224,233,234,237,237,240,236,240,231,226,225,224,219,216,214,208,206,207,208,219,228,235,239,239,239,238,240,245,240,226,220,236,240,239,240,243,242,242,243,236,221,222,218,215,215,216,216,216,216,216,216,216,216,216,217,217,217,217,216,216,217,218,218,219,220,221
231,231,231,231,232,234,234,224,217,213,211,211,211,212,217,223,234,236,234,233,231,230,231,231,231,232,230,214,212,219,217,217,220,235,235,246,237,234,231,234,234,228,243,240,240,235,244,245,241,229,240,244,245,245,223,217,212,210,205,207,208,226,239,242,242,242,243,241,231,242,245,232,222,223,220,218,214,208,205,205,220,238,241,239,238,243,241,241,243,244,240,228,219,235,240,239,242,243,242,241,244,232,220,221,216,215,216,217,217,217,217,216,217,216,216,216,217,216,217,217,217,217,218,219,219,220,220,221
231,231,231,232,233,235,235,224,218,213,211,211,211,212,217,224,234,236,233,231,231,230,231,231,232,233,225,207,218,219,217,224,223,238,244,239,234,238,240,240,230,229,244,242,244,237,239,244,244,241,240,240,244,231,224,210,211,209,205,206,223,236,242,242,238,239,243,235,208,216,239,235,225,224,221,219,215,207,202,213,240,243,240,226,219,240,243,242,243,244,240,230,218,233,238,239,242,243,242,243,241,225,220,219,215,216,216,217,217,217,217,217,217,217,217,217,217,217,217,218,218,218,219,220,221,221,222,222
230,231,231,231,233,235,235,225,217,213,211,211,210,211,217,223,234,235,232,230,229,230,230,229,230,235,237,221,214,211,217,232,238,245,238,236,241,239,240,236,230,228,243,243,243,243,233,244,244,243,244,245,241,227,217,215,210,206,206,217,227,230,237,241,229,236,236,230,204,204,222,228,228,226,223,220,214,205,202,226,233,234,235,228,215,235,244,244,244,243,238,231,215,234,235,241,242,243,242,243,238,221,221,218,216,216,216,217,217,217,217,217,217,217,217,217,217,218,218,218,219,220,220,221,222,223,221,217
230,230,230,232,232,236,235,225,217,213,211,210,210,211,216,224,232,234,232,230,228,228,229,234,239,236,229,215,208,203,231,241,245,238,231,240,240,236,235,231,232,225,241,244,243,244,242,241,244,243,246,244,227,224,213,210,206,206,218,226,224,221,224,234,229,224,225,210,205,208,219,225,224,225,223,221,213,202,204,228,224,227,226,212,218,237,242,242,243,243,237,232,214,233,234,241,243,243,241,244,233,220,220,216,216,216,216,217,217,217,216,217,217,217,217,217,217,218,219,219,220,220,221,222,220,216,213,210
229,229,230,232,233,235,236,225,217,213,211,210,210,211,216,223,232,234,231,229,227,227,225,244,232,218,219,216,218,239,243,232,232,233,236,245,236,237,236,231,227,224,233,241,245,244,243,243,242,244,246,237,226,212,212,208,205,219,227,223,221,220,219,222,223,226,225,220,220,214,213,218,224,224,223,221,214,203,204,215,220,220,222,225,234,239,236,241,243,241,238,234,213,232,235,241,243,243,241,239,226,221,220,215,216,216,217,217,218,217,215,217,217,217,217,218,219,219,220,220,221,221,220,216,212,210,209,208
230,230,231,232,234,236,237,225,218,213,211,210,209,210,215,222,232,234,231,229,228,228,224,225,219,219,229,234,235,243,243,240,225,226,230,241,239,237,233,233,227,224,229,244,243,243,243,243,243,245,245,223,223,213,210,205,218,231,224,221,219,218,218,219,219,221,222,220,220,216,217,218,224,222,223,222,215,204,202,213,218,222,223,225,233,231,234,241,244,242,238,235,213,229,236,242,243,241,243,238,222,222,218,216,216,217,217,217,217,217,218,217,217,217,218,218,219,220,221,221,221,217,212,209,208,208,208,208
230,231,232,234,235,238,239,226,218,213,211,210,209,210,215,222,233,234,231,229,228,228,227,219,221,229,238,233,239,244,238,236,230,232,232,244,242,237,235,227,230,230,232,241,244,244,244,242,243,245,233,226,214,210,206,215,234,227,223,220,217,217,215,215,216,216,216,215,213,213,214,218,221,221,223,223,216,205,201,209,214,217,220,223,226,227,231,240,243,241,239,236,212,228,238,242,244,242,244,234,221,221,217,216,216,217,217,217,217,217,218,217,218,218,218,219,220,220,222,222,215,208,207,207,207,208,208,208
232,233,233,235,235,239,238,227,218,213,211,210,209,210,215,222,232,235,231,230,228,227,225,225,220,224,223,236,240,240,233,226,231,231,239,245,242,230,235,231,229,223,231,239,242,243,244,243,243,242,223,222,210,207,211,237,230,226,223,220,218,216,214,213,212,212,213,212,213,212,215,218,220,221,222,223,218,206,201,208,212,216,219,221,223,225,229,239,243,241,239,239,212,225,240,243,244,242,243,228,221,220,216,216,216,217,217,217,217,217,218,218,218,218,219,220,220,221,221,214,208,206,206,207,207,208,208,207
233,232,234,235,236,239,239,227,218,213,211,210,210,210,215,222,233,235,232,229,224,220,219,220,228,237,236,240,239,235,233,229,225,235,243,244,244,241,234,228,232,240,229,227,240,243,243,243,244,230,225,214,208,206,237,237,228,225,223,221,218,216,214,212,211,211,210,211,211,212,214,218,219,220,222,223,219,207,201,208,213,215,219,221,223,224,228,239,242,240,239,240,214,221,242,243,243,243,241,223,221,218,215,216,217,217,217,217,217,217,218,218,219,219,219,221,221,222,215,209,206,206,206,207,207,207,207,206
234,235,236,235,237,239,239,227,218,213,211,210,210,211,216,222,232,235,232,228,227,226,225,231,233,234,236,241,234,235,229,225,235,240,243,243,243,242,240,240,239,246,227,224,237,244,244,244,242,222,221,208,207,228,244,235,227,224,223,221,219,217,215,212,211,210,210,211,212,213,215,217,218,220,222,223,219,208,200,207,214,215,218,221,223,223,230,241,242,240,239,242,215,219,242,245,241,243,237,221,221,216,216,217,216,217,217,217,218,218,218,218,219,219,219,221,222,218,210,207,207,207,206,207,207,206,205,205
235,236,236,237,238,240,240,227,218,214,211,211,211,211,215,222,233,235,232,230,228,227,230,228,227,233,232,232,234,241,231,228,236,241,243,242,243,243,242,241,240,244,228,224,227,245,246,246,231,225,213,206,215,244,242,235,227,225,222,222,219,218,217,214,212,211,210,212,212,214,216,219,220,221,223,223,220,211,201,206,214,216,218,220,222,224,232,242,243,241,239,244,215,218,239,244,240,243,231,220,219,214,216,216,216,217,217,218,218,218,219,219,219,219,220,222,222,212,207,206,207,207,206,206,205,204,204,204
236,236,236,237,238,241,240,227,218,214,212,212,211,212,216,222,233,236,226,231,228,222,222,233,235,225,231,237,237,237,234,225,232,241,241,241,244,244,243,238,241,241,225,230,222,231,246,244,224,224,205,205,239,244,240,235,228,225,223,221,220,218,217,215,213,212,212,212,213,214,217,220,221,222,224,224,221,213,201,205,215,216,218,220,222,224,235,243,241,239,239,245,218,219,233,244,241,243,225,221,218,215,216,216,217,217,217,218,219,219,219,219,219,220,221,222,216,208,206,207,207,207,206,205,203,203,204,205
235,236,236,237,239,241,241,228,218,214,212,212,211,212,216,222,234,236,226,226,220,223,230,239,225,230,234,241,233,232,227,225,228,241,241,242,246,244,238,230,240,232,217,219,238,233,248,235,224,215,204,227,246,243,238,236,228,225,223,222,221,219,217,216,215,214,213,213,214,215,217,221,222,222,224,224,222,214,203,201,215,217,218,220,222,226,238,244,241,238,239,245,221,217,231,245,243,239,221,221,216,215,216,217,216,217,217,218,218,218,219,219,220,220,221,221,211,207,207,207,207,206,204,203,203,203,204,204
235,236,236,237,239,242,242,228,219,214,212,211,211,211,216,222,233,236,233,226,226,224,229,237,231,232,235,234,231,234,230,221,233,241,243,243,244,243,237,235,230,227,233,227,244,244,245,226,224,206,217,246,245,243,236,235,229,225,223,222,221,219,218,217,216,216,214,214,215,216,219,222,224,222,224,225,222,216,205,200,215,217,218,221,223,228,242,243,241,238,239,246,225,217,227,244,244,233,220,220,215,216,217,217,217,217,217,218,218,218,219,219,220,221,222,215,207,206,207,207,206,204,203,203,203,203,203,204
234,235,235,237,240,242,243,229,219,214,212,211,211,211,215,222,233,236,227,225,228,226,235,234,233,230,235,238,228,241,231,222,235,235,243,240,243,245,237,229,229,226,235,241,245,244,223,224,223,214,232,246,245,241,234,236,229,225,223,223,221,219,219,217,217,216,215,215,215,217,219,226,224,221,221,223,223,216,206,199,216,218,219,222,224,233,244,243,241,237,240,245,230,215,222,243,245,227,219,219,215,216,217,217,217,218,217,217,218,218,219,219,220,222,220,211,206,206,206,206,204,203,203,204,204,203,203,203
234,235,235,237,239,241,241,228,219,213,212,212,211,211,215,222,230,230,229,230,228,226,236,235,228,232,240,233,231,242,229,227,229,230,242,242,239,246,241,240,241,231,242,246,246,233,213,212,211,221,243,245,244,241,232,235,229,225,223,223,221,220,219,218,217,217,216,215,216,217,219,225,222,224,226,223,225,219,208,204,217,218,219,222,225,240,244,242,241,238,241,244,235,214,222,241,244,223,219,217,215,217,217,218,217,217,217,218,218,218,219,219,220,222,217,208,206,206,206,205,204,204,204,204,204,203,203,203
235,235,236,236,238,239,238,225,218,214,212,212,211,211,215,221,232,236,233,230,228,229,234,234,228,233,243,225,237,237,230,228,222,229,243,241,238,242,246,242,229,235,243,244,245,223,211,208,216,244,245,244,243,241,231,233,228,226,224,223,222,220,219,218,217,217,216,216,216,216,218,223,223,229,232,229,228,224,213,211,217,219,220,222,231,243,244,242,239,238,240,243,239,214,221,240,237,220,218,216,216,217,217,217,218,218,218,218,219,219,219,219,221,222,214,207,206,206,205,204,203,204,203,203,203,203,203,203
235,235,236,236,238,237,234,223,217,214,212,212,211,210,215,221,232,236,232,230,227,228,239,235,236,242,232,234,234,237,230,230,222,227,239,244,234,223,246,244,231,243,235,230,224,227,222,211,241,245,239,243,244,240,228,233,227,225,224,223,222,221,219,219,219,218,217,216,216,216,217,219,222,223,222,222,222,214,209,213,217,219,221,224,240,243,243,241,237,237,240,243,243,215,221,237,232,219,219,216,216,217,217,217,218,218,218,218,219,219,219,220,221,221,211,206,206,206,204,203,203,203,203,203,203,203,203,203
235,236,235,236,238,237,231,221,216,214,213,212,211,211,214,221,232,235,233,231,227,221,241,236,237,232,233,242,236,234,228,227,230,223,228,242,236,225,242,240,241,228,224,214,223,228,213,229,243,242,241,241,243,240,228,232,227,224,224,223,222,221,220,219,219,218,216,216,215,216,216,217,218,220,217,211,214,206,207,213,217,219,222,229,242,243,243,240,236,237,240,240,244,218,221,235,226,219,218,216,216,217,217,217,218,218,218,218,218,219,219,220,222,219,209,206,206,205,203,203,203,204,203,203,203,203,203,202
236,237,237,236,239,238,230,221,216,214,213,212,210,211,214,221,232,236,233,230,222,226,239,237,228,234,241,242,237,237,235,229,234,226,222,236,231,235,243,242,229,218,212,214,232,226,222,244,243,242,241,239,242,241,228,231,227,224,223,223,222,221,220,220,220,219,217,217,217,216,218,218,218,218,213,205,211,205,207,214,219,220,222,239,243,243,243,239,235,238,239,242,245,223,220,232,222,219,217,216,217,217,218,218,218,218,219,219,219,219,220,220,222,218,208,206,205,204,203,203,203,203,203,203,202,202,202,202
237,237,238,238,239,237,232,222,216,214,212,212,211,210,214,221,232,236,233,225,226,226,239,231,229,243,237,239,239,236,237,232,238,226,225,228,229,243,238,232,226,216,209,228,231,220,244,242,241,243,242,238,243,243,230,231,228,225,223,223,222,221,220,220,220,220,219,218,218,217,218,218,217,216,211,203,210,205,207,215,219,220,227,243,243,243,242,239,235,237,240,242,245,226,220,229,221,219,216,217,217,217,218,218,218,218,219,219,219,219,220,221,222,217,207,206,204,203,203,203,203,203,203,203,202,202,202,202
238,239,238,238,239,238,232,222,216,214,212,212,210,210,214,221,232,237,229,226,229,227,238,235,235,241,238,238,236,233,237,236,234,239,226,221,240,241,225,215,216,209,222,231,219,238,245,235,243,243,242,237,242,244,232,232,230,226,223,223,222,221,220,220,221,220,220,221,220,220,219,219,217,217,215,211,209,211,212,218,222,221,236,244,241,243,242,238,235,237,238,241,246,229,219,226,220,219,216,217,217,217,218,218,218,218,218,219,219,219,220,221,223,216,207,205,203,203,203,203,203,203,203,202,202,202,202,202
240,240,239,238,240,237,233,221,216,213,212,211,210,210,214,221,233,235,224,232,225,227,243,237,236,240,238,241,237,227,230,234,237,232,232,228,231,223,224,209,203,218,230,224,228,244,244,238,244,243,240,238,241,244,232,233,232,227,224,223,223,222,221,220,220,219,226,230,227,224,224,224,226,227,227,223,222,229,226,228,221,225,243,244,242,243,241,238,236,236,240,239,245,233,221,222,219,219,216,216,217,217,218,218,218,218,218,219,219,219,220,221,223,214,206,204,202,202,203,203,203,203,202,202,202,202,202,202
241,241,239,239,239,236,230,221,216,213,211,211,210,211,215,222,231,224,232,230,220,230,239,241,242,239,238,238,236,222,231,230,231,232,227,237,235,222,222,204,207,229,228,217,243,243,244,241,242,243,241,240,239,244,234,234,234,228,224,224,224,223,221,221,218,219,223,226,228,229,227,225,225,226,224,221,219,223,222,221,220,237,243,242,243,242,239,240,235,235,241,237,244,237,219,219,218,218,216,216,217,217,217,218,218,219,218,219,219,219,220,221,223,213,205,203,202,202,203,203,203,202,202,202,202,202,202,202
241,240,240,239,240,235,230,221,216,213,211,211,210,211,214,221,222,232,235,224,226,232,239,234,243,243,235,236,236,219,239,231,229,233,238,230,224,218,223,210,223,225,214,237,242,242,244,243,242,243,240,240,238,243,237,234,236,229,226,225,224,224,223,221,219,219,219,222,224,223,224,222,218,213,212,210,209,219,219,219,228,244,243,242,244,242,242,240,235,235,240,236,244,238,217,218,218,217,216,216,217,217,217,217,218,218,218,219,218,219,220,222,223,212,204,202,202,202,202,202,202,202,202,202,202,202,203,203
241,241,241,240,241,235,231,222,216,213,211,210,210,210,213,218,231,238,230,222,228,236,234,233,244,240,235,234,228,223,233,233,235,227,230,229,218,219,222,212,223,211,232,242,242,241,242,243,242,242,240,240,238,242,237,235,238,232,228,227,226,224,223,222,220,220,219,221,222,224,224,223,222,220,218,220,220,220,218,222,239,243,243,242,243,242,241,239,235,235,238,236,243,238,216,217,217,217,216,216,217,217,217,217,218,217,218,219,219,219,220,222,223,210,202,201,202,202,202,202,202,202,202,203,203,204,204,204
242,242,241,242,241,233,232,223,217,214,211,210,210,210,214,222,233,238,223,229,229,240,230,237,243,237,240,238,221,228,226,226,236,233,222,226,226,222,220,212,211,225,242,242,241,240,242,242,242,240,240,240,238,242,238,236,239,235,230,229,227,225,224,223,221,220,219,220,222,222,223,224,225,225,224,223,219,218,220,233,243,244,243,243,241,242,242,237,236,235,238,236,241,239,216,217,217,217,216,216,217,217,217,217,217,218,218,219,219,220,221,223,224,209,201,201,202,202,202,201,201,202,203,204,204,204,203,203
242,242,242,243,240,230,230,223,219,214,211,211,210,210,214,221,233,238,224,231,234,240,231,241,244,236,240,242,218,223,229,222,229,229,227,227,231,226,218,208,218,243,242,242,242,241,242,242,242,242,241,241,240,241,241,238,240,237,234,230,228,226,224,223,222,221,221,220,221,221,221,219,219,218,218,217,217,220,225,240,243,244,242,241,240,242,243,236,235,234,238,236,241,240,216,216,218,216,216,216,217,217,217,217,217,218,218,219,219,220,221,224,225,209,201,201,201,201,201,201,202,203,203,203,203,202,202,202
243,243,242,243,237,229,229,223,219,214,211,211,211,211,214,221,232,238,229,228,235,234,235,242,245,235,242,241,225,229,227,222,226,232,234,224,226,231,220,211,239,243,242,242,242,240,243,241,242,242,243,241,240,241,242,240,240,239,238,234,230,228,225,223,222,221,220,220,219,218,217,216,214,213,215,216,217,218,236,241,244,243,242,240,240,241,243,235,235,234,237,235,240,240,215,215,218,216,216,216,217,217,217,217,217,218,218,219,220,220,221,224,225,207,201,200,201,202,202,202,202,202,202,202,203,203,203,203
243,243,243,243,237,230,230,223,219,214,211,211,211,211,214,221,232,237,231,231,238,239,233,241,244,235,242,239,227,234,236,227,222,225,231,223,222,233,228,227,239,243,242,242,241,240,243,241,243,242,243,242,241,241,242,240,240,239,239,241,236,232,228,224,223,222,220,219,218,216,213,214,213,214,212,214,218,220,243,240,243,243,241,240,242,241,242,233,234,233,237,236,238,241,215,215,219,216,216,217,217,217,218,218,217,217,218,219,220,221,222,224,223,205,200,201,202,202,202,202,201,202,203,203,203,204,204,205
243,242,243,243,239,232,229,222,218,214,212,211,211,211,214,221,233,238,232,235,242,240,231,241,241,237,243,243,224,230,240,234,227,223,223,225,219,230,232,239,241,242,241,243,241,239,243,240,243,241,243,243,242,241,241,240,239,240,237,242,242,238,232,227,225,223,221,219,219,217,215,213,213,214,213,215,218,226,244,241,241,241,241,239,242,242,242,232,234,234,235,236,237,241,215,215,219,218,217,217,218,217,218,218,218,218,219,220,220,221,222,225,221,203,200,201,202,202,202,201,202,203,203,204,205,207,212,221
244,243,244,243,241,233,230,223,218,214,212,212,211,211,214,222,234,237,224,231,243,235,238,240,239,239,243,244,226,223,237,236,229,228,224,225,219,221,222,230,243,243,242,242,239,237,244,239,242,242,242,242,243,241,240,240,239,241,237,238,241,241,239,237,234,230,227,224,221,219,218,215,214,216,217,218,221,229,243,241,241,241,241,239,241,242,241,233,233,233,235,234,236,239,215,216,222,223,221,220,219,218,218,218,218,218,219,220,221,221,223,226,216,202,200,201,202,202,202,202,203,204,205,209,217,231,241,244
243,242,244,245,243,235,233,225,218,214,212,212,212,211,215,223,231,214,231,226,243,239,238,239,239,242,243,244,229,221,229,237,236,228,229,228,219,223,231,219,230,243,243,243,238,237,244,240,243,243,242,243,243,242,241,241,240,242,240,236,235,230,227,225,223,221,222,221,220,217,216,216,215,214,213,214,213,219,233,240,240,241,242,240,242,242,241,234,233,233,235,234,237,237,215,219,226,227,226,224,223,223,222,221,219,219,219,220,221,222,224,226,211,201,201,203,203,203,203,203,204,208,214,230,242,244,244,241
240,240,243,244,243,238,236,226,219,214,212,212,212,212,216,220,213,232,238,232,245,240,236,240,240,237,241,243,231,225,222,235,242,228,220,232,228,222,231,233,215,229,243,242,238,237,244,238,243,242,242,242,243,242,241,240,240,242,241,235,231,226,223,223,223,222,221,221,220,218,217,218,218,218,215,212,208,206,206,212,228,239,242,241,243,242,240,233,233,233,236,234,236,235,215,221,226,225,226,227,227,226,227,226,224,223,222,222,222,223,224,225,208,202,203,203,203,203,203,204,207,212,227,242,244,242,237,236
231,236,239,242,242,239,240,231,221,215,212,213,212,212,213,213,233,236,229,237,244,244,235,241,242,238,234,240,240,228,228,228,227,220,228,234,230,226,232,224,219,225,233,242,239,239,244,237,242,242,243,241,242,242,242,240,240,241,242,235,230,225,224,224,224,223,221,221,220,219,220,220,219,218,215,211,208,206,205,205,205,210,226,241,244,245,241,234,233,234,236,234,237,234,215,222,222,222,223,224,226,227,229,229,230,229,227,228,227,226,228,227,208,203,204,204,203,203,203,206,212,228,241,243,240,237,234,234
222,225,232,237,238,240,242,234,222,215,212,212,212,210,212,221,233,227,224,244,245,244,240,231,246,241,229,235,239,242,225,229,234,225,235,229,229,225,227,224,223,237,226,240,240,239,245,237,243,243,243,241,242,243,242,240,239,240,242,237,230,226,225,224,223,223,221,221,220,220,220,220,219,217,213,210,208,207,206,205,204,204,203,210,234,245,242,235,234,235,237,236,238,232,216,220,220,220,220,222,222,224,225,227,229,230,231,232,230,227,231,233,211,203,204,203,203,203,205,211,228,243,239,237,237,234,234,233
221,221,223,229,233,237,243,235,223,215,213,213,212,212,214,221,222,223,237,244,245,245,234,228,241,234,230,234,240,240,234,233,226,233,236,231,226,226,221,224,229,232,234,229,240,241,244,236,242,242,243,241,239,242,242,240,239,238,241,238,230,226,225,224,223,223,221,220,220,220,221,219,218,216,213,210,208,208,207,206,205,204,203,203,204,225,242,240,235,236,237,236,239,229,218,220,218,219,219,221,221,221,222,224,225,227,229,232,228,223,229,233,209,203,203,202,203,204,213,232,243,237,235,235,233,232,233,234
222,219,218,222,228,236,243,236,222,214,212,212,212,211,215,219,210,232,239,244,244,245,240,238,231,232,237,238,235,229,242,229,238,239,237,233,228,222,221,219,238,226,236,224,239,243,244,237,241,242,242,242,240,242,242,239,238,234,241,238,230,226,224,224,224,221,221,220,220,220,221,219,217,215,214,211,210,209,208,207,206,205,204,203,202,202,222,241,237,239,238,236,241,228,218,219,218,219,219,219,220,221,221,222,223,224,225,227,226,222,228,226,206,202,202,202,203,206,225,243,237,233,234,234,231,230,233,233
225,221,217,218,221,231,242,236,223,215,211,212,212,211,215,215,215,223,245,244,241,241,237,242,238,241,239,240,242,241,243,228,239,238,237,232,232,227,221,222,226,231,220,233,229,243,243,237,240,241,242,241,238,241,241,237,237,229,239,241,230,225,225,225,222,221,221,220,220,220,220,218,216,215,213,212,211,210,209,208,207,206,204,203,202,202,202,225,241,242,238,238,241,224,220,219,218,219,219,219,219,220,220,221,222,223,224,225,225,222,226,218,204,202,202,202,205,213,233,240,232,232,232,230,227,230,233,231
236,225,219,215,217,226,242,236,222,214,211,211,211,211,215,217,221,237,245,244,243,242,240,240,243,243,231,240,244,240,240,240,232,240,236,237,229,229,223,222,220,227,231,230,220,245,245,238,240,242,243,242,239,242,243,239,236,226,236,241,230,227,225,222,222,220,220,220,220,220,219,218,217,215,215,213,212,211,210,209,208,206,205,204,203,202,201,202,233,244,240,240,243,222,221,218,218,219,219,219,219,220,220,221,222,222,223,224,223,221,223,211,202,202,202,202,207,221,237,233,232,232,231,227,228,231,232,230
244,232,219,214,215,223,240,237,222,214,211,211,211,211,214,218,219,234,245,244,243,237,243,242,243,241,229,241,242,244,234,243,235,234,235,233,236,228,229,224,217,223,245,228,216,245,246,239,240,242,244,242,238,241,242,240,233,225,234,243,232,226,223,222,222,221,220,220,220,220,219,218,217,216,215,214,213,212,211,209,208,207,205,204,203,203,201,200,209,243,241,242,244,220,221,218,219,219,219,219,220,220,220,221,221,222,223,224,223,220,219,208,201,202,202,203,210,231,235,232,232,230,228,228,232,231,230,229
246,239,221,213,213,220,241,240,222,214,211,211,211,211,214,220,222,238,244,244,242,240,244,243,244,240,228,242,239,245,242,235,235,238,233,229,229,234,230,220,218,231,241,228,210,244,246,238,237,242,243,242,239,243,242,241,231,227,234,243,231,225,223,223,221,222,220,220,220,220,218,218,218,217,215,214,213,212,211,210,208,207,205,204,203,202,202,200,200,229,244,244,244,217,221,218,218,219,219,219,220,220,221,221,222,222,224,224,221,213,208,204,201,201,202,204,218,233,232,232,230,228,227,231,233,230,229,230
246,241,223,213,213,220,243,240,222,214,210,211,210,210,213,219,224,234,243,244,241,242,244,243,243,235,227,245,238,243,242,241,240,239,235,230,231,235,232,219,220,226,242,231,213,245,245,237,236,242,242,242,239,244,242,238,229,229,230,242,231,224,222,223,221,221,220,221,220,220,219,219,218,216,216,215,214,212,211,210,209,208,206,204,203,203,202,201,200,209,245,246,242,217,220,218,218,219,219,219,220,221,222,221,222,223,224,223,212,206,205,202,201,201,203,209,226,232,232,231,228,227,229,232,231,229,231,229
247,243,224,215,213,220,242,241,223,214,211,211,211,210,213,219,220,241,243,241,243,243,244,243,245,227,230,244,242,241,242,242,243,242,237,232,228,237,234,220,220,225,232,227,224,234,244,237,238,242,242,242,241,242,241,236,228,225,229,242,230,224,222,222,221,221,221,221,221,220,219,219,218,217,216,215,214,213,212,211,209,208,206,205,203,203,202,201,200,200,235,247,238,219,219,218,218,219,218,219,220,221,222,222,223,223,224,217,204,202,204,202,201,201,204,216,230,232,232,229,227,227,231,232,230,229,230,230
247,245,227,214,212,219,241,242,223,214,210,211,210,210,213,219,226,243,240,243,244,244,244,245,234,230,235,245,243,239,243,245,241,243,239,239,225,237,230,220,218,226,226,216,227,235,242,240,240,241,240,241,242,242,239,229,224,224,230,239,230,224,223,221,221,221,221,221,221,220,220,219,218,217,216,215,215,214,212,211,209,208,206,205,204,203,202,202,201,200,222,248,235,220,218,218,219,219,219,220,220,220,222,222,223,224,225,212,201,201,203,201,201,202,208,223,230,232,232,229,227,229,232,231,229,229,230,232
247,245,227,215,212,219,238,242,223,214,211,211,211,211,214,218,227,240,242,244,244,243,243,238,239,235,235,243,242,238,244,245,241,243,237,241,236,227,224,221,229,227,218,217,232,236,240,242,240,239,241,241,243,241,236,227,224,224,233,238,229,223,222,222,220,220,221,221,221,221,220,220,219,218,217,216,215,214,213,211,210,208,207,205,204,203,203,202,201,200,208,247,232,220,218,218,219,219,220,220,220,220,221,222,223,224,223,209,201,203,203,201,201,204,215,225,229,231,231,228,227,230,232,230,229,231,232,234
247,246,229,215,212,217,236,242,224,214,211,211,212,211,214,219,223,240,243,243,244,242,242,241,242,238,235,243,240,242,243,243,241,242,233,242,244,231,223,223,226,237,240,236,233,232,227,228,229,236,241,241,243,239,233,225,224,224,234,236,227,223,222,222,220,220,220,221,222,221,221,219,219,218,217,216,215,215,213,213,210,209,207,206,205,204,203,202,202,201,202,240,230,219,219,218,219,220,220,220,220,220,221,222,223,224,222,208,202,204,203,201,202,208,221,226,228,230,230,228,229,232,232,229,230,231,233,233
247,246,233,216,212,216,236,241,224,214,211,211,210,210,213,218,225,242,242,244,244,243,243,240,243,240,239,242,243,241,241,245,242,243,233,242,237,232,227,226,226,224,242,237,242,244,239,239,239,232,240,243,242,236,230,224,223,223,237,233,225,222,221,220,220,220,220,221,221,221,221,220,219,219,218,216,216,215,214,213,211,209,207,206,205,204,203,203,202,202,201,229,228,219,218,218,219,219,220,220,220,220,221,222,223,223,222,210,203,204,203,201,203,212,224,226,228,231,231,229,232,233,230,229,231,231,233,231
246,246,235,218,213,217,233,240,225,215,211,211,211,211,213,218,221,240,243,244,244,242,236,241,244,240,240,241,242,242,239,244,241,239,238,234,238,228,228,225,235,227,228,235,241,241,242,241,241,242,241,244,240,234,228,225,223,226,239,231,224,222,220,220,220,220,220,221,221,221,221,220,220,218,218,217,216,215,214,213,212,210,208,207,205,204,204,203,202,202,201,215,226,219,220,219,219,219,219,219,220,220,221,222,222,222,221,218,210,208,203,201,204,216,226,228,229,232,230,232,236,230,229,231,232,231,231,231
245,246,238,219,213,216,230,239,225,215,211,211,211,211,214,219,220,235,243,244,240,238,242,244,243,239,240,241,239,241,240,242,241,236,242,234,240,236,231,226,237,236,222,219,236,242,243,241,242,243,243,243,237,231,226,224,224,230,238,228,222,221,220,220,219,219,220,220,221,221,221,221,220,219,218,218,217,216,215,214,212,211,209,207,206,205,204,203,202,202,202,204,222,223,226,224,222,221,219,219,219,219,220,221,220,219,219,220,220,212,202,201,206,219,227,229,232,231,231,235,233,229,230,232,233,231,231,235
246,246,238,220,214,216,229,239,226,216,212,211,211,211,213,219,222,236,241,244,243,243,243,243,241,240,241,237,241,243,241,244,239,241,243,230,231,239,244,235,234,236,232,224,244,242,244,242,243,244,243,241,235,228,226,224,225,237,235,225,222,221,221,220,219,219,220,220,220,221,221,220,220,219,218,218,217,217,215,214,213,212,209,208,206,205,204,203,202,202,202,201,217,231,233,232,230,227,224,222,221,221,220,220,219,217,219,220,220,210,201,202,209,223,228,232,233,230,235,235,230,230,231,233,230,231,233,239
246,246,241,220,212,213,227,239,227,216,212,211,211,210,213,218,226,234,240,244,241,243,243,241,241,239,242,239,240,244,244,243,242,240,235,230,222,237,239,240,240,232,234,234,244,244,243,243,244,245,242,237,232,226,226,225,229,241,231,222,221,221,220,219,219,220,219,220,220,221,221,221,220,219,219,218,217,216,216,214,213,212,211,208,207,205,204,203,202,202,201,201,214,235,236,237,236,234,232,231,229,227,226,222,218,216,219,222,219,205,200,204,215,227,233,235,232,233,237,232,230,231,232,232,229,231,236,241
246,247,243,220,212,212,223,239,227,217,212,211,211,210,213,218,228,233,241,243,244,244,242,239,243,239,242,239,239,241,244,242,242,242,244,234,227,221,234,233,229,236,244,242,242,244,243,244,244,244,240,234,228,225,225,226,240,238,226,222,221,221,221,220,219,220,219,220,220,221,221,221,221,220,219,219,218,217,216,215,214,213,211,209,207,206,205,203,203,202,201,201,207,235,232,233,234,235,237,238,238,238,237,232,225,220,214,215,214,203,201,208,223,234,239,235,234,235,233,229,232,232,232,230,230,232,238,241
243,241,240,221,211,211,220,238,227,216,212,211,211,210,212,221,228,236,242,243,244,243,241,242,243,241,242,239,240,241,241,244,243,242,242,242,231,221,224,228,233,233,245,242,244,243,244,245,245,243,237,231,227,226,226,236,243,230,223,221,221,221,220,220,220,220,219,220,220,220,221,221,220,221,219,219,218,217,216,216,215,213,211,210,208,206,205,204,203,202,202,201,202,230,231,229,230,232,234,237,240,242,244,244,236,216,206,212,211,202,203,214,232,239,238,235,236,233,229,230,233,234,232,229,231,235,241,242
234,234,234,223,211,210,219,235,227,217,212,211,211,209,212,222,226,236,244,242,240,242,244,242,243,241,240,240,240,240,243,244,244,242,239,242,243,229,221,225,230,226,244,243,244,245,245,245,244,239,234,228,226,225,233,243,235,224,222,221,221,220,220,220,220,219,219,219,219,220,221,221,220,220,220,220,219,218,217,216,215,214,212,211,209,207,206,204,203,203,202,201,201,220,232,229,228,229,231,233,236,240,243,245,239,209,204,215,207,202,208,228,239,240,236,236,235,230,229,234,234,234,231,227,231,236,239,241
233,232,229,221,212,210,216,232,227,217,212,211,211,209,212,224,226,235,243,243,243,243,243,242,242,243,243,240,239,240,242,244,242,242,239,240,240,239,234,225,226,237,243,244,244,244,246,244,241,236,231,226,226,233,245,236,226,223,222,221,221,220,220,220,220,220,219,220,219,220,220,221,221,220,220,220,219,218,218,217,215,214,214,212,210,208,206,205,203,203,202,202,201,211,234,230,228,229,230,232,234,237,240,243,237,212,205,208,207,209,225,240,241,238,237,236,231,229,233,236,235,232,228,229,233,235,239,239
235,229,226,220,212,211,216,231,227,217,212,211,210,209,212,225,226,238,243,243,243,242,243,241,242,243,242,237,240,238,238,243,242,234,241,238,239,236,230,230,234,237,243,244,244,245,245,243,237,233,229,230,239,243,235,228,224,223,222,221,221,220,220,220,220,220,219,220,219,219,220,220,220,220,220,220,219,219,218,217,216,215,214,213,211,209,207,206,204,203,202,202,201,203,232,231,229,229,230,230,232,234,235,235,233,213,203,205,215,227,238,241,238,238,237,232,229,232,236,236,234,229,227,231,233,237,239,239
239,230,229,224,214,211,216,230,228,218,212,211,210,210,212,223,230,240,244,242,242,241,242,242,239,244,241,234,240,237,232,242,243,235,243,234,239,239,233,222,238,238,245,244,244,245,244,241,237,238,241,242,237,230,227,225,224,222,222,221,221,221,220,220,220,219,219,219,218,219,219,219,219,220,220,220,220,219,218,217,216,215,214,213,212,210,208,206,205,204,202,202,202,202,226,232,230,229,229,230,230,232,231,231,231,215,206,214,231,236,239,237,236,237,232,228,231,235,238,237,231,227,228,230,235,239,238,239
242,236,232,226,215,211,215,228,228,218,212,211,210,209,212,220,236,243,244,243,242,241,241,242,238,243,241,235,242,236,228,234,243,235,241,241,232,239,231,225,228,240,244,244,244,244,244,244,242,239,235,231,227,225,224,223,223,223,222,222,221,221,221,221,220,220,220,219,219,218,219,219,219,220,220,219,220,219,219,217,216,215,214,213,211,210,209,207,206,204,203,202,202,202,217,234,232,230,228,228,229,230,228,228,228,224,221,231,235,235,235,235,237,233,229,230,235,238,239,233,228,226,228,232,238,239,239,242
241,240,235,229,216,210,214,225,227,219,212,210,210,209,212,220,238,242,243,242,243,240,240,241,236,244,242,234,244,239,231,228,245,235,231,245,235,235,234,227,232,237,244,242,244,244,242,237,233,230,228,226,225,224,224,223,223,223,223,222,221,221,221,220,220,220,220,220,219,219,219,219,219,219,219,220,219,219,219,218,217,216,215,214,212,211,209,208,207,205,204,202,202,202,208,236,233,231,229,228,228,227,226,226,227,228,229,232,231,230,233,235,234,230,231,235,236,237,236,229,226,226,229,235,239,240,241,242
242,241,239,232,212,205,207,220,227,218,212,210,210,209,212,230,240,242,243,243,243,240,241,239,239,241,243,231,243,239,233,226,237,240,229,242,241,230,242,233,231,241,244,244,243,242,237,232,229,226,226,226,224,224,223,223,223,223,222,222,221,221,221,221,221,220,220,220,219,219,219,218,219,218,218,219,219,219,218,218,217,216,215,214,213,211,210,209,207,205,204,203,203,202,203,233,234,231,229,228,226,225,226,226,226,227,229,229,227,228,232,233,231,231,236,237,237,236,231,226,225,228,232,238,241,241,242,241
242,242,240,232,209,205,206,214,227,218,212,211,210,210,212,223,239,243,242,242,241,241,240,238,241,237,240,230,243,236,233,232,228,244,232,239,241,236,237,238,231,229,242,246,243,237,233,229,228,226,225,225,224,223,224,224,222,222,222,223,222,221,221,221,220,220,220,220,219,219,219,218,218,218,218,218,218,219,218,217,217,216,215,214,213,211,211,209,208,206,205,204,203,202,202,226,235,231,230,229,226,225,225,225,226,227,227,225,225,228,232,231,232,234,234,235,236,232,226,224,227,231,236,241,242,240,240,234
243,242,241,235,209,205,206,214,226,218,213,211,210,210,212,230,240,243,243,242,241,238,239,237,239,239,231,236,241,236,235,236,229,237,231,236,243,237,238,242,236,236,229,240,237,234,232,228,227,226,225,224,224,223,224,223,223,223,222,222,222,221,221,222,221,220,220,220,219,219,219,219,218,218,217,218,218,218,218,217,216,216,215,214,214,212,211,209,208,207,205,204,203,203,202,216,233,232,232,230,228,225,223,224,225,225,222,222,225,230,232,234,235,234,233,234,233,228,223,224,229,236,241,243,242,239,233,230
